City/Town,Leading Candidate,ALYSON KENNEDY and MALCOLM JARRETT,BLAKE HUBER and FRANK ATWOOD,BRIAN CARROLL and AMAR PATEL,BROCK PIERCE and KARLA BALLARD,CHRISTOPHER LAFONTAINE and MICHAEL SPEED,DON BLANKENSHIP and BILL MOHR,DONALD J. TRUMP and MICHAEL R. PENCE,GARY SWING and DAVID OLSZTA,GLORIA LARIVA and SUNIL FREEMAN,H. BROOKE PAIGE and THOMAS JAMES WITMAN,HOWIE HAWKINS and ANGELA WALKER,JEROME SEGAL and JOHN DE GRAAF,JO JORGENSEN and JEREMY SPIKE COHEN,JOSEPH R. BIDEN and KAMALA D. HARRIS,KANYE WEST and MICHELLE TIDBALL,KEITH MCCORMIC and SAM BLASIAK,KYLE KENLEY KOPITKE and TAJA YVONNE IWANOW,PHIL COLLINS and BILLY JOE PARKER,RICHARD DUNCAN and MITCH BUPP,ROQUE ROCKY DE LA FUENTE and DARCY G. RICHARDSON,ZACHARY SCALF and MATTHEW LYDA,Write-Ins,Blanks,OverVotes,Total Votes Cast,DONALD J. TRUMP and MICHAEL R. PENCE Percent Votes Cast,JOSEPH R. BIDEN and KAMALA D. HARRIS Percent Votes Cast,OverVotes Percent
Addison,ROQUE ROCKY DE LA FUENTE and DARCY G. RICHARDSON,30,91,65,70,94,100,44,25,21,6,35,33,89,86,34,95,22,76,40,107,43,83,82,95,1466,3.00%,5.87%,6.48%
Albany,ZACHARY SCALF and MATTHEW LYDA,70,78,58,40,41,26,11,59,15,44,47,16,47,35,88,13,50,20,4,31,90,91,83,82,1139,0.97%,3.07%,7.20%
Alburgh,JEROME SEGAL and JOHN DE GRAAF,62,25,91,20,44,37,85,9,62,63,9,95,28,39,2,44,38,34,78,92,10,90,106,104,1267,6.71%,3.08%,8.21%
Andover,RICHARD DUNCAN and MITCH BUPP,78,25,40,71,67,95,22,91,68,61,30,18,84,11,71,32,70,36,98,82,52,95,88,94,1479,1.49%,0.74%,6.36%
Arlington,BROCK PIERCE and KARLA BALLARD,46,48,14,84,18,8,29,17,40,58,48,33,4,58,6,38,40,20,79,63,11,104,87,111,1064,2.73%,5.45%,10.43%
Athens,JO JORGENSEN and JEREMY SPIKE COHEN,68,50,34,83,46,28,103,57,46,107,56,26,109,65,58,39,23,41,53,26,66,94,94,97,1469,7.01%,4.42%,6.60%
Bakersfield,RICHARD DUNCAN and MITCH BUPP,71,80,51,60,79,7,27,93,25,16,89,61,37,62,103,29,70,50,105,29,44,95,103,93,1479,1.83%,4.19%,6.29%
Baltimore,DON BLANKENSHIP and BILL MOHR,42,53,65,39,53,98,52,61,67,13,44,27,20,2,43,31,39,6,30,46,48,103,95,110,1187,4.38%,0.17%,9.27%
Barnard,RICHARD DUNCAN and MITCH BUPP,64,68,70,16,51,56,37,12,51,39,26,9,60,29,47,36,84,6,87,73,14,103,72,92,1202,3.08%,2.41%,7.65%
Barnet,HOWIE HAWKINS and ANGELA WALKER,52,50,13,33,73,20,21,47,70,48,90,14,83,14,44,89,81,26,21,84,7,82,86,90,1238,1.70%,1.13%,7.27%
Barre City,DONALD J. TRUMP and MICHAEL R. PENCE,12,57,62,38,54,72,106,103,39,58,57,89,39,28,37,81,83,41,53,51,64,102,94,111,1531,6.92%,1.83%,7.25%
Barre Town,RICHARD DUNCAN and MITCH BUPP,31,78,10,4,64,79,46,53,38,35,16,44,50,38,13,30,34,86,89,60,8,87,106,90,1189,3.87%,3.20%,7.57%
Barton,DON BLANKENSHIP and BILL MOHR,81,32,85,88,29,108,66,50,63,8,85,26,44,19,108,11,9,28,77,72,39,101,65,80,1374,4.80%,1.38%,5.82%
Belvidere,PHIL COLLINS and BILLY JOE PARKER,81,2,75,49,29,45,43,71,16,85,55,52,64,47,47,60,57,96,16,91,42,97,72,87,1379,3.12%,3.41%,6.31%
Bennington,HOWIE HAWKINS and ANGELA WALKER,124,78,49,183,119,72,131,159,153,63,185,76,157,121,64,102,134,102,124,170,166,180,200,179,3091,4.24%,3.91%,5.79%
Benson,DONALD J. TRUMP and MICHAEL R. PENCE,89,87,44,80,38,17,105,4,83,9,40,65,50,81,64,14,39,46,64,6,60,73,93,111,1362,7.71%,5.95%,8.15%
Berkshire,ALYSON KENNEDY and MALCOLM JARRETT,108,1,54,62,3,44,26,73,27,76,67,14,56,62,82,40,46,74,11,5,47,122,98,121,1319,1.97%,4.70%,9.17%
Berlin,GLORIA LARIVA and SUNIL FREEMAN,17,92,8,91,74,59,5,4,94,87,9,86,9,73,30,74,41,72,78,8,59,85,75,91,1321,0.38%,5.53%,6.89%
Bethel,BLAKE HUBER and FRANK ATWOOD,96,96,15,81,62,19,20,24,53,72,77,78,7,23,33,74,74,37,6,47,24,97,80,98,1293,1.55%,1.78%,7.58%
Bloomfield,H. BROOKE PAIGE and THOMAS JAMES WITMAN,22,64,14,55,62,35,71,63,11,104,4,37,62,1,53,92,62,61,71,87,8,76,109,105,1329,5.34%,0.08%,7.90%
Bolton,KYLE KENLEY KOPITKE and TAJA YVONNE IWANOW,104,100,68,64,24,25,74,45,75,76,23,24,61,94,63,48,105,71,72,9,33,85,93,78,1514,4.89%,6.21%,5.15%
Bradford,KANYE WEST and MICHELLE TIDBALL,52,31,25,15,52,6,11,58,34,63,77,20,58,38,105,41,104,38,27,84,87,97,100,51,1274,0.86%,2.98%,4.00%
Braintree,BROCK PIERCE and KARLA BALLARD,89,58,64,109,50,102,74,87,48,35,9,52,93,52,62,21,29,3,20,95,24,89,119,85,1469,5.04%,3.54%,5.79%
Brandon,ZACHARY SCALF and MATTHEW LYDA,19,63,69,54,29,41,26,40,24,0,74,22,21,6,18,27,69,1,72,63,78,114,85,92,1107,2.35%,0.54%,8.31%
Brattleboro,DONALD J. TRUMP and MICHAEL R. PENCE,56,104,157,65,180,143,288,159,153,169,125,156,180,49,98,19,192,94,145,200,97,266,288,248,3631,7.93%,1.35%,6.83%
Bridgewater,ROQUE ROCKY DE LA FUENTE and DARCY G. RICHARDSON,76,20,36,66,73,89,13,47,93,7,84,7,8,67,65,50,49,34,48,106,33,126,113,97,1407,0.92%,4.76%,6.89%
Bridport,GARY SWING and DAVID OLSZTA,1,20,81,40,77,61,50,103,99,12,88,18,57,58,23,32,65,80,67,45,52,98,107,110,1444,3.46%,4.02%,7.62%
Brighton,JOSEPH R. BIDEN and KAMALA D. HARRIS,10,57,69,37,11,55,67,43,30,87,18,30,82,108,83,88,75,57,64,56,73,92,90,89,1471,4.55%,7.34%,6.05%
Bristol,KYLE KENLEY KOPITKE and TAJA YVONNE IWANOW,86,95,33,38,76,34,72,80,6,91,72,74,59,65,33,52,101,83,58,57,82,82,78,112,1619,4.45%,4.01%,6.92%
Brookfield,BROCK PIERCE and KARLA BALLARD,37,59,84,102,56,30,60,45,52,43,85,60,16,59,14,26,32,94,90,41,64,106,110,90,1455,4.12%,4.05%,6.19%
Brookline,DON BLANKENSHIP and BILL MOHR,64,76,52,65,88,106,43,28,2,28,26,48,77,76,85,47,7,29,42,33,68,86,119,88,1383,3.11%,5.50%,6.36%
Brownington,JO JORGENSEN and JEREMY SPIKE COHEN,25,89,21,11,44,82,10,48,18,12,85,58,105,8,15,19,71,77,28,72,12,116,101,96,1223,0.82%,0.65%,7.85%
Brunswick,CHRISTOPHER LAFONTAINE and MICHAEL SPEED,66,3,18,79,106,28,79,0,56,85,46,75,89,21,44,31,86,23,98,95,20,94,87,98,1427,5.54%,1.47%,6.87%
Burke,ALYSON KENNEDY and MALCOLM JARRETT,105,54,77,51,50,61,69,41,79,75,56,71,47,0,95,24,31,95,98,77,68,122,110,102,1658,4.16%,0.00%,6.15%
Burlington,JOSEPH R. BIDEN and KAMALA D. HARRIS,405,341,249,345,345,388,303,292,254,386,391,380,321,416,390,349,270,313,323,305,360,715,656,653,9150,3.31%,4.55%,7.14%
Cabot,JO JORGENSEN and JEREMY SPIKE COHEN,58,79,32,69,76,71,46,49,76,44,87,48,100,70,10,20,19,85,23,12,51,103,90,97,1415,3.25%,4.95%,6.86%
Calais,BRIAN CARROLL and AMAR PATEL,67,59,107,89,56,8,71,60,70,48,58,77,20,30,10,62,83,28,63,10,2,80,89,118,1365,5.20%,2.20%,8.64%
Cambridge,ZACHARY SCALF and MATTHEW LYDA,21,24,84,10,94,3,79,8,72,75,50,74,90,17,77,72,87,87,100,24,101,63,78,91,1481,5.33%,1.15%,6.14%
Canaan,H. BROOKE PAIGE and THOMAS JAMES WITMAN,40,63,77,6,88,33,44,31,37,100,99,2,71,4,80,48,60,34,27,72,7,88,104,76,1291,3.41%,0.31%,5.89%
Castleton,KEITH MCCORMIC and SAM BLASIAK,48,46,72,23,36,83,7,80,10,90,10,40,15,30,24,104,14,74,68,71,70,103,97,71,1286,0.54%,2.33%,5.52%
Cavendish,BROCK PIERCE and KARLA BALLARD,84,23,45,108,70,48,11,0,39,80,21,74,22,23,47,10,72,46,19,82,42,99,78,93,1236,0.89%,1.86%,7.52%
Charleston,ROQUE ROCKY DE LA FUENTE and DARCY G. RICHARDSON,36,22,30,14,4,84,11,99,74,81,41,59,55,73,57,49,24,48,48,101,51,133,120,99,1413,0.78%,5.17%,7.01%
Charlotte,KANYE WEST and MICHELLE TIDBALL,66,8,81,61,23,35,76,77,20,82,22,80,43,14,104,74,67,71,37,30,26,106,81,109,1393,5.46%,1.01%,7.82%
Chelsea,KYLE KENLEY KOPITKE and TAJA YVONNE IWANOW,1,70,72,78,46,39,108,63,54,66,2,83,65,88,67,86,109,6,107,41,25,94,107,89,1566,6.90%,5.62%,5.68%
Chester,KEITH MCCORMIC and SAM BLASIAK,17,49,22,1,83,76,69,101,47,64,32,69,12,58,63,104,53,25,35,71,29,102,118,97,1397,4.94%,4.15%,6.94%
Chittenden,DON BLANKENSHIP and BILL MOHR,77,48,55,6,72,87,22,81,70,62,39,45,67,32,34,42,32,46,16,80,75,78,112,98,1376,1.60%,2.33%,7.12%
Clarendon,H. BROOKE PAIGE and THOMAS JAMES WITMAN,76,9,16,38,13,60,15,26,100,107,57,73,72,55,97,95,71,104,15,21,103,74,116,109,1522,0.99%,3.61%,7.16%
Colchester,GARY SWING and DAVID OLSZTA,129,92,150,111,137,87,126,172,154,115,126,108,113,167,69,13,91,143,48,89,59,189,192,204,2884,4.37%,5.79%,7.07%
Concord,RICHARD DUNCAN and MITCH BUPP,16,52,58,56,49,55,16,35,77,17,62,4,6,63,32,89,50,13,107,41,86,119,116,88,1307,1.22%,4.82%,6.73%
Corinth,KEITH MCCORMIC and SAM BLASIAK,64,71,38,75,9,34,50,24,74,2,37,79,52,18,57,96,43,19,77,50,30,125,126,72,1322,3.78%,1.36%,5.45%
Cornwall,BROCK PIERCE and KARLA BALLARD,11,48,31,108,38,1,84,81,49,10,66,6,51,59,96,85,73,60,67,61,53,86,89,89,1402,5.99%,4.21%,6.35%
Coventry,ALYSON KENNEDY and MALCOLM JARRETT,95,25,76,88,47,12,3,92,37,17,34,75,3,51,87,41,54,9,20,2,52,108,105,91,1224,0.25%,4.17%,7.43%
Craftsbury,BRIAN CARROLL and AMAR PATEL,29,9,97,5,49,11,91,61,45,73,20,5,47,90,21,18,64,81,35,8,74,75,99,107,1214,7.50%,7.41%,8.81%
Danby,JO JORGENSEN and JEREMY SPIKE COHEN,77,9,36,29,76,38,73,89,74,43,80,59,98,79,32,34,34,51,56,89,10,105,85,72,1428,5.11%,5.53%,5.04%
Danville,PHIL COLLINS and BILLY JOE PARKER,53,8,24,38,9,85,54,31,48,35,2,50,40,29,66,16,19,108,18,78,39,93,82,115,1140,4.74%,2.54%,10.09%
Derby,JO JORGENSEN and JEREMY SPIKE COHEN,5,56,78,80,56,56,76,64,64,21,25,79,101,15,77,70,15,42,63,29,8,102,103,102,1387,5.48%,1.08%,7.35%
Dorset,H. BROOKE PAIGE and THOMAS JAMES WITMAN,79,27,19,11,87,7,20,15,28,94,78,85,74,19,71,78,25,7,37,4,85,110,79,112,1251,1.60%,1.52%,8.95%
Dover,RICHARD DUNCAN and MITCH BUPP,71,74,56,21,35,82,15,47,8,19,91,2,28,55,72,24,33,59,103,14,30,90,99,122,1250,1.20%,4.40%,9.76%
Dummerston,KANYE WEST and MICHELLE TIDBALL,84,56,38,25,69,16,37,75,48,15,32,49,24,25,94,30,52,65,18,10,86,82,92,101,1223,3.03%,2.04%,8.26%
Duxbury,BRIAN CARROLL and AMAR PATEL,98,24,100,19,76,35,94,43,59,73,85,90,77,50,22,69,70,0,54,83,69,89,112,105,1596,5.89%,3.13%,6.58%
East Haven,BRIAN CARROLL and AMAR PATEL,70,73,100,65,51,57,36,40,28,14,87,63,38,12,61,21,20,53,32,84,53,80,110,80,1328,2.71%,0.90%,6.02%
East Montpelier,BROCK PIERCE and KARLA BALLARD,10,81,11,109,95,41,62,106,52,34,63,23,77,24,78,31,48,73,101,86,84,127,104,102,1622,3.82%,1.48%,6.29%
Eden,JOSEPH R. BIDEN and KAMALA D. HARRIS,79,39,85,47,37,48,41,85,41,61,2,89,12,102,92,7,34,78,70,32,30,101,100,88,1400,2.93%,7.29%,6.29%
Elmore,KYLE KENLEY KOPITKE and TAJA YVONNE IWANOW,25,18,44,33,14,38,84,83,47,5,28,3,18,3,51,2,99,5,45,55,0,105,99,109,1013,8.29%,0.30%,10.76%
Enosburgh,BLAKE HUBER and FRANK ATWOOD,13,97,48,69,19,46,2,96,68,80,20,50,35,47,14,20,52,48,58,14,86,119,110,79,1290,0.16%,3.64%,6.12%
Essex,ZACHARY SCALF and MATTHEW LYDA,10,119,175,144,174,122,36,165,112,206,114,137,202,113,75,134,91,203,197,200,241,309,270,298,3847,0.94%,2.94%,7.75%
Fair Haven,HOWIE HAWKINS and ANGELA WALKER,65,82,77,5,52,32,32,89,77,17,105,16,3,80,68,14,38,11,81,2,10,110,119,94,1279,2.50%,6.25%,7.35%
Fairfax,GLORIA LARIVA and SUNIL FREEMAN,36,79,50,81,84,50,92,49,94,14,32,59,70,11,32,44,49,46,93,76,36,100,94,99,1470,6.26%,0.75%,6.73%
Fairfield,BRIAN CARROLL and AMAR PATEL,7,64,82,75,75,52,47,29,48,72,73,33,81,39,2,78,34,63,49,76,26,63,98,101,1367,3.44%,2.85%,7.39%
Fairlee,DON BLANKENSHIP and BILL MOHR,35,4,39,3,22,109,8,18,15,50,14,10,44,19,61,28,21,32,70,24,18,100,81,72,897,0.89%,2.12%,8.03%
Fayston,PHIL COLLINS and BILLY JOE PARKER,4,19,55,41,44,4,29,26,78,6,1,74,13,77,30,41,7,82,27,69,75,98,63,96,1059,2.74%,7.27%,9.07%
Ferrisburgh,JO JORGENSEN and JEREMY SPIKE COHEN,104,90,93,77,66,31,19,28,35,21,61,33,108,108,48,83,71,40,12,26,102,88,101,83,1528,1.24%,7.07%,5.43%
Fletcher,RICHARD DUNCAN and MITCH BUPP,58,70,74,48,97,19,49,75,50,34,28,74,43,79,91,63,100,78,108,65,13,125,95,95,1631,3.00%,4.84%,5.82%
Franklin,RICHARD DUNCAN and MITCH BUPP,84,3,10,86,54,60,84,54,29,20,80,43,44,1,7,89,29,64,98,47,87,79,115,104,1371,6.13%,0.07%,7.59%
Georgia,ALYSON KENNEDY and MALCOLM JARRETT,90,18,69,9,10,82,19,63,25,15,85,76,42,45,5,69,26,25,39,63,10,89,97,83,1154,1.65%,3.90%,7.19%
Glover,DON BLANKENSHIP and BILL MOHR,28,27,9,12,48,90,11,41,16,8,90,57,86,16,21,73,11,79,60,87,22,90,105,81,1168,0.94%,1.37%,6.93%
Goshen,BRIAN CARROLL and AMAR PATEL,44,37,107,72,2,65,11,21,63,54,78,28,11,57,36,49,85,62,76,83,17,113,116,92,1379,0.80%,4.13%,6.67%
Grafton,BRIAN CARROLL and AMAR PATEL,33,25,109,83,71,8,37,81,78,62,43,31,23,21,65,94,56,30,61,11,80,111,98,98,1409,2.63%,1.49%,6.96%
Granby,ROQUE ROCKY DE LA FUENTE and DARCY G. RICHARDSON,13,98,42,14,47,76,74,82,95,81,94,39,24,56,35,89,36,65,49,106,2,92,85,85,1479,5.00%,3.79%,5.75%
Grand Isle,JO JORGENSEN and JEREMY SPIKE COHEN,64,83,60,67,46,4,7,23,86,24,41,38,92,66,37,79,1,90,20,6,48,76,95,94,1247,0.56%,5.29%,7.54%
Granville,H. BROOKE PAIGE and THOMAS JAMES WITMAN,82,3,42,25,44,48,87,31,76,99,50,7,3,82,6,28,35,39,83,28,31,83,93,97,1202,7.24%,6.82%,8.07%
Greensboro,KEITH MCCORMIC and SAM BLASIAK,45,69,39,76,49,59,78,82,98,73,73,32,83,77,24,98,22,4,70,21,51,104,97,91,1515,5.15%,5.08%,6.01%
Groton,ROQUE ROCKY DE LA FUENTE and DARCY G. RICHARDSON,29,17,39,105,6,37,4,31,59,52,73,24,45,8,73,76,39,0,56,106,81,94,66,96,1216,0.33%,0.66%,7.89%
Guildhall,ROQUE ROCKY DE LA FUENTE and DARCY G. RICHARDSON,56,30,39,64,6,72,36,12,80,40,66,51,76,53,5,90,74,7,63,102,77,114,85,82,1380,2.61%,3.84%,5.94%
Guilford,DON BLANKENSHIP and BILL MOHR,64,103,3,14,18,105,87,64,49,11,30,71,38,47,40,85,71,16,7,29,19,93,115,118,1297,6.71%,3.62%,9.10%
Halifax,KYLE KENLEY KOPITKE and TAJA YVONNE IWANOW,98,11,18,36,91,99,87,12,92,94,48,69,22,71,93,62,103,64,59,65,50,97,101,104,1646,5.29%,4.31%,6.32%
Hancock,ALYSON KENNEDY and MALCOLM JARRETT,84,72,29,18,58,14,35,47,8,61,69,82,35,77,66,5,54,80,29,12,13,112,94,98,1252,2.80%,6.15%,7.83%
Hardwick,ZACHARY SCALF and MATTHEW LYDA,20,33,11,34,15,94,46,75,88,52,78,28,43,9,7,76,58,34,59,28,107,84,114,106,1299,3.54%,0.69%,8.16%
Hartford,KEITH MCCORMIC and SAM BLASIAK,49,66,135,58,82,65,107,98,151,53,147,108,90,45,127,194,93,172,188,152,143,164,200,204,2891,3.70%,1.56%,7.06%
Hartland,KEITH MCCORMIC and SAM BLASIAK,54,49,69,3,93,100,53,9,42,89,64,71,11,53,18,109,86,56,30,10,53,91,77,95,1385,3.83%,3.83%,6.86%
Highgate,JEROME SEGAL and JOHN DE GRAAF,88,52,65,16,70,87,88,57,5,6,14,101,14,90,11,57,13,55,41,37,9,101,88,99,1264,6.96%,7.12%,7.83%
Hinesburg,ROQUE ROCKY DE LA FUENTE and DARCY G. RICHARDSON,147,108,58,128,111,66,34,119,95,39,103,74,105,122,94,134,107,23,108,163,68,187,168,228,2589,1.31%,4.71%,8.81%
Holland,ROQUE ROCKY DE LA FUENTE and DARCY G. RICHARDSON,24,10,10,22,26,44,58,48,65,81,80,14,39,30,74,5,61,11,84,105,82,108,105,94,1280,4.53%,2.34%,7.34%
Hubbardton,DONALD J. TRUMP and MICHAEL R. PENCE,47,72,38,7,24,87,107,25,12,101,51,34,47,37,52,101,46,27,78,28,71,82,100,116,1390,7.70%,2.66%,8.35%
Huntington,CHRISTOPHER LAFONTAINE and MICHAEL SPEED,84,94,89,26,103,3,89,51,80,94,24,58,83,79,85,39,47,15,89,62,7,73,114,100,1588,5.60%,4.97%,6.30%
Hyde Park,BLAKE HUBER and FRANK ATWOOD,87,103,58,58,55,102,31,32,26,88,30,86,40,54,31,29,31,11,12,31,39,106,98,88,1326,2.34%,4.07%,6.64%
Ira,GARY SWING and DAVID OLSZTA,31,43,78,4,62,78,6,98,75,36,13,47,29,12,88,4,44,67,7,36,79,118,99,87,1241,0.48%,0.97%,7.01%
Irasburg,PHIL COLLINS and BILLY JOE PARKER,49,10,16,1,86,42,71,65,4,53,6,16,50,4,81,68,35,97,18,92,10,100,96,98,1168,6.08%,0.34%,8.39%
Isle La Motte,HOWIE HAWKINS and ANGELA WALKER,46,49,35,56,1,14,51,97,58,8,104,90,4,53,13,2,72,67,89,11,27,99,96,83,1225,4.16%,4.33%,6.78%
Jamaica,JOSEPH R. BIDEN and KAMALA D. HARRIS,50,19,49,18,67,77,27,57,69,5,38,55,99,100,29,5,32,55,8,81,28,79,97,95,1239,2.18%,8.07%,7.67%
Jay,BRIAN CARROLL and AMAR PATEL,55,50,99,34,96,56,43,63,82,83,91,77,22,64,45,34,22,80,30,51,24,100,86,74,1461,2.94%,4.38%,5.07%
Jericho,ROQUE ROCKY DE LA FUENTE and DARCY G. RICHARDSON,96,63,35,25,32,67,34,42,53,92,9,39,11,19,14,36,62,38,38,101,5,81,104,97,1193,2.85%,1.59%,8.13%
Johnson,ZACHARY SCALF and MATTHEW LYDA,54,10,46,44,75,18,6,59,67,24,36,76,76,47,42,99,45,73,40,97,102,93,131,108,1468,0.41%,3.20%,7.36%
Killington,JEROME SEGAL and JOHN DE GRAAF,29,53,32,7,33,44,75,82,38,52,9,104,42,20,28,58,81,42,23,74,99,97,110,84,1316,5.70%,1.52%,6.38%
Kirby,PHIL COLLINS and BILLY JOE PARKER,48,7,30,24,73,45,11,83,5,45,39,37,60,54,46,57,47,106,45,49,2,117,102,109,1241,0.89%,4.35%,8.78%
Landgrove,PHIL COLLINS and BILLY JOE PARKER,37,24,25,61,49,7,86,43,4,79,37,30,68,2,33,84,44,92,26,68,3,86,103,88,1179,7.29%,0.17%,7.46%
Leicester,CHRISTOPHER LAFONTAINE and MICHAEL SPEED,38,81,56,71,109,58,17,73,38,30,95,87,80,82,93,76,58,35,100,16,70,104,88,90,1645,1.03%,4.98%,5.47%
Lemington,KYLE KENLEY KOPITKE and TAJA YVONNE IWANOW,27,46,31,38,14,1,17,33,84,56,26,92,15,7,102,3,106,59,92,20,87,109,118,123,1306,1.30%,0.54%,9.42%
Lincoln,BROCK PIERCE and KARLA BALLARD,61,68,86,107,14,21,17,47,74,9,66,71,37,64,21,21,20,3,42,62,45,100,97,119,1272,1.34%,5.03%,9.36%
Londonderry,ZACHARY SCALF and MATTHEW LYDA,21,27,4,54,62,23,44,12,80,69,56,51,25,72,48,32,9,15,19,40,105,112,92,102,1174,3.75%,6.13%,8.69%
Lowell,BLAKE HUBER and FRANK ATWOOD,37,86,52,18,26,86,83,62,12,40,52,54,55,29,50,78,21,46,54,77,27,94,88,114,1341,6.19%,2.16%,8.50%
Ludlow,ZACHARY SCALF and MATTHEW LYDA,59,11,17,77,8,82,34,20,81,47,15,4,10,4,16,6,32,74,83,82,91,70,109,93,1125,3.02%,0.36%,8.27%
Lunenburg,DONALD J. TRUMP and MICHAEL R. PENCE,26,89,62,9,11,39,108,91,23,48,27,14,12,24,73,35,36,94,81,38,3,81,74,90,1188,9.09%,2.02%,7.58%
Lyndon,JO JORGENSEN and JEREMY SPIKE COHEN,28,18,72,55,35,81,31,89,76,18,0,37,105,53,15,51,61,90,56,77,19,89,111,120,1387,2.24%,3.82%,8.65%
Maidstone,CHRISTOPHER LAFONTAINE and MICHAEL SPEED,91,29,2,76,107,47,93,79,29,28,89,1,98,22,10,62,30,45,43,23,17,112,74,101,1308,7.11%,1.68%,7.72%
Manchester,DONALD J. TRUMP and MICHAEL R. PENCE,36,59,61,59,61,36,105,72,24,12,76,100,61,63,17,3,37,6,2,68,100,73,82,109,1322,7.94%,4.77%,8.25%
Marlboro,BROCK PIERCE and KARLA BALLARD,74,69,52,103,15,59,73,87,26,74,2,50,2,99,7,4,57,28,90,41,48,101,77,87,1325,5.51%,7.47%,6.57%
Marshfield,JO JORGENSEN and JEREMY SPIKE COHEN,44,67,37,60,61,10,10,63,2,40,37,47,108,105,57,19,70,89,10,37,74,98,94,92,1331,0.75%,7.89%,6.91%
Mendon,BRIAN CARROLL and AMAR PATEL,24,58,92,79,5,1,40,45,84,54,26,77,76,12,75,65,82,62,27,48,58,73,71,92,1326,3.02%,0.90%,6.94%
Middlebury,DONALD J. TRUMP and MICHAEL R. PENCE,70,10,96,20,15,25,97,77,69,67,6,64,1,85,31,66,89,57,58,22,1,94,86,111,1317,7.37%,6.45%,8.43%
Middlesex,JOSEPH R. BIDEN and KAMALA D. HARRIS,102,88,65,45,3,23,29,19,66,80,13,79,82,105,23,77,27,20,96,63,30,79,79,82,1375,2.11%,7.64%,5.96%
Middletown Springs,CHRISTOPHER LAFONTAINE and MICHAEL SPEED,61,54,67,47,109,14,33,65,12,92,87,68,60,44,83,5,23,77,2,37,35,92,89,100,1356,2.43%,3.24%,7.37%
Milton,PHIL COLLINS and BILLY JOE PARKER,108,57,112,166,79,166,136,109,158,107,120,84,23,66,48,104,94,183,90,89,135,198,179,161,2772,4.91%,2.38%,5.81%
Monkton,KEITH MCCORMIC and SAM BLASIAK,60,84,90,22,66,44,78,14,100,88,16,74,37,28,25,100,1,4,65,32,85,109,121,73,1416,5.51%,1.98%,5.16%
Montgomery,KYLE KENLEY KOPITKE and TAJA YVONNE IWANOW,64,32,2,91,59,4,18,46,91,38,37,70,22,44,31,27,103,41,61,8,89,70,75,103,1226,1.47%,3.59%,8.40%
Montpelier,JO JORGENSEN and JEREMY SPIKE COHEN,44,27,0,79,44,89,54,46,5,53,69,54,108,44,20,82,7,22,60,23,101,130,102,95,1358,3.98%,3.24%,7.00%
Moretown,JOSEPH R. BIDEN and KAMALA D. HARRIS,83,73,60,17,16,100,83,85,96,53,86,23,70,107,8,80,26,68,101,22,67,75,78,80,1557,5.33%,6.87%,5.14%
Morgan,CHRISTOPHER LAFONTAINE and MICHAEL SPEED,38,49,66,82,97,37,36,26,85,22,43,78,73,39,63,44,26,78,14,24,62,68,98,83,1331,2.70%,2.93%,6.24%
Morristown,PHIL COLLINS and BILLY JOE PARKER,62,23,16,70,21,49,6,26,58,82,85,57,71,70,79,16,70,94,70,64,11,88,59,95,1342,0.45%,5.22%,7.08%
Mount Holly,JO JORGENSEN and JEREMY SPIKE COHEN,68,2,13,78,67,43,78,16,58,10,67,93,105,32,88,53,52,37,9,70,75,90,101,112,1417,5.50%,2.26%,7.90%
Mount Tabor,KYLE KENLEY KOPITKE and TAJA YVONNE IWANOW,71,19,26,75,65,83,33,83,49,60,84,33,50,87,65,69,97,26,27,90,15,115,114,115,1551,2.13%,5.61%,7.41%
New Haven,PHIL COLLINS and BILLY JOE PARKER,81,43,45,69,3,79,25,22,4,97,47,90,74,87,53,30,33,104,49,97,12,92,91,109,1436,1.74%,6.06%,7.59%
Newark,BROCK PIERCE and KARLA BALLARD,35,80,20,98,34,8,41,29,20,37,46,40,77,2,86,48,32,59,2,67,12,88,95,84,1140,3.60%,0.18%,7.37%
Newbury,CHRISTOPHER LAFONTAINE and MICHAEL SPEED,63,58,50,69,101,60,31,68,80,70,87,99,20,80,94,23,90,73,9,14,77,86,104,101,1607,1.93%,4.98%,6.29%
Newfane,KANYE WEST and MICHELLE TIDBALL,35,50,62,22,40,0,18,74,79,69,52,43,25,55,108,50,0,70,69,99,9,110,88,110,1337,1.35%,4.11%,8.23%
Newport City,HOWIE HAWKINS and ANGELA WALKER,30,19,9,98,64,51,87,36,71,19,109,15,9,60,73,50,59,69,63,34,81,112,133,99,1450,6.00%,4.14%,6.83%
Newport Town,ALYSON KENNEDY and MALCOLM JARRETT,103,70,53,89,52,20,80,13,27,62,15,20,72,46,22,23,26,74,11,10,19,89,104,100,1200,6.67%,3.83%,8.33%
North Hero,GLORIA LARIVA and SUNIL FREEMAN,83,24,70,38,30,10,106,0,109,30,94,104,59,50,65,54,87,87,63,43,48,98,116,107,1575,6.73%,3.17%,6.79%
Northfield,DON BLANKENSHIP and BILL MOHR,73,81,39,17,49,90,44,15,85,56,83,8,32,50,65,27,85,67,10,85,54,103,120,88,1426,3.09%,3.51%,6.17%
Norton,ZACHARY SCALF and MATTHEW LYDA,54,85,90,93,46,61,102,61,17,74,11,58,87,74,86,18,18,102,81,36,106,102,72,91,1625,6.28%,4.55%,5.60%
Norwich,BRIAN CARROLL and AMAR PATEL,82,43,107,82,16,94,61,36,105,82,33,17,77,75,23,45,81,45,64,47,21,67,79,91,1473,4.14%,5.09%,6.18%
Orange,KANYE WEST and MICHELLE TIDBALL,53,44,66,93,15,15,34,41,7,68,79,67,68,65,103,8,73,57,40,21,85,110,74,110,1396,2.44%,4.66%,7.88%
Orwell,ALYSON KENNEDY and MALCOLM JARRETT,106,79,55,100,32,79,103,13,98,85,66,74,63,86,47,75,34,8,42,101,39,106,97,108,1696,6.07%,5.07%,6.37%
Panton,DONALD J. TRUMP and MICHAEL R. PENCE,30,23,88,72,25,27,103,32,16,66,90,29,39,4,60,13,39,28,31,88,43,114,100,112,1272,8.10%,0.31%,8.81%
Pawlet,BRIAN CARROLL and AMAR PATEL,11,60,99,37,65,56,74,22,73,59,73,6,52,78,70,46,5,17,57,88,61,106,90,93,1398,5.29%,5.58%,6.65%
Peacham,H. BROOKE PAIGE and THOMAS JAMES WITMAN,49,54,87,84,57,86,76,20,7,105,75,1,66,41,24,93,47,12,12,79,98,91,95,99,1458,5.21%,2.81%,6.79%
Peru,KEITH MCCORMIC and SAM BLASIAK,31,88,0,19,6,11,16,66,81,46,19,38,39,80,12,103,54,10,50,79,63,82,88,92,1173,1.36%,6.82%,7.84%
Pittsfield,KEITH MCCORMIC and SAM BLASIAK,92,2,28,13,69,83,51,39,27,81,59,63,1,5,84,100,31,45,36,5,36,92,109,100,1251,4.08%,0.40%,7.99%
Pittsford,KYLE KENLEY KOPITKE and TAJA YVONNE IWANOW,78,41,82,33,4,86,4,5,83,16,59,33,6,45,43,46,101,48,2,45,85,88,83,104,1220,0.33%,3.69%,8.52%
Plainfield,DONALD J. TRUMP and MICHAEL R. PENCE,64,82,10,67,24,85,96,50,59,70,48,48,87,10,2,93,89,71,24,49,47,102,87,85,1449,6.63%,0.69%,5.87%
Plymouth,CHRISTOPHER LAFONTAINE and MICHAEL SPEED,42,77,28,18,103,23,45,59,90,68,40,74,35,8,50,53,37,89,0,56,11,71,85,106,1268,3.55%,0.63%,8.36%
Pomfret,DONALD J. TRUMP and MICHAEL R. PENCE,29,85,14,13,68,60,104,11,9,45,49,14,2,48,58,103,53,24,23,38,49,76,94,102,1171,8.88%,4.10%,8.71%
Poultney,H. BROOKE PAIGE and THOMAS JAMES WITMAN,53,87,69,5,23,65,62,58,82,106,14,87,61,42,71,36,50,60,76,20,42,105,104,109,1487,4.17%,2.82%,7.33%
Pownal,ROQUE ROCKY DE LA FUENTE and DARCY G. RICHARDSON,67,37,53,83,82,19,48,65,79,48,5,67,99,88,15,37,16,81,20,101,12,86,134,115,1457,3.29%,6.04%,7.89%
Proctor,ZACHARY SCALF and MATTHEW LYDA,20,26,7,75,13,80,17,21,59,60,10,37,36,12,14,63,43,75,89,69,102,90,113,80,1211,1.40%,0.99%,6.61%
Putney,PHIL COLLINS and BILLY JOE PARKER,37,102,77,33,41,26,104,30,94,77,51,22,9,49,30,78,34,108,43,102,15,106,93,112,1473,7.06%,3.33%,7.60%
Randolph,BROCK PIERCE and KARLA BALLARD,63,87,86,97,39,31,30,65,12,7,68,61,12,15,57,52,51,71,21,55,10,111,80,99,1280,2.34%,1.17%,7.73%
Reading,KYLE KENLEY KOPITKE and TAJA YVONNE IWANOW,35,82,46,10,106,84,77,96,81,35,11,43,44,45,65,8,108,83,52,60,85,100,90,97,1543,4.99%,2.92%,6.29%
Readsboro,JO JORGENSEN and JEREMY SPIKE COHEN,68,28,72,48,4,12,4,34,3,18,19,83,85,42,6,83,50,16,31,37,66,109,92,72,1082,0.37%,3.88%,6.65%
Richford,BROCK PIERCE and KARLA BALLARD,52,31,37,96,81,44,79,84,91,53,29,56,16,88,88,28,16,81,15,54,95,72,82,117,1485,5.32%,5.93%,7.88%
Richmond,DON BLANKENSHIP and BILL MOHR,98,57,95,63,62,98,22,63,12,10,45,17,13,1,74,71,77,46,57,15,96,85,129,74,1380,1.59%,0.07%,5.36%
Ripton,KEITH MCCORMIC and SAM BLASIAK,76,8,14,61,29,102,24,44,23,24,72,54,11,6,36,104,33,55,39,62,87,90,97,118,1269,1.89%,0.47%,9.30%
Rochester,DON BLANKENSHIP and BILL MOHR,15,33,81,26,59,95,6,46,71,6,11,64,35,21,79,37,70,13,84,56,18,104,94,87,1211,0.50%,1.73%,7.18%
Rockingham,RICHARD DUNCAN and MITCH BUPP,35,26,67,96,10,87,21,88,36,101,62,58,24,28,18,24,76,41,105,61,46,114,86,98,1408,1.49%,1.99%,6.96%
Roxbury,BRIAN CARROLL and AMAR PATEL,84,60,106,28,5,15,71,51,69,32,24,2,25,16,38,54,61,45,16,77,39,101,108,77,1204,5.90%,1.33%,6.40%
Royalton,CHRISTOPHER LAFONTAINE and MICHAEL SPEED,105,67,24,45,105,88,25,100,8,62,21,64,78,63,22,55,91,27,46,14,80,113,92,85,1480,1.69%,4.26%,5.74%
Rupert,BRIAN CARROLL and AMAR PATEL,41,17,108,82,83,70,30,27,23,74,60,38,32,29,40,7,65,23,16,3,70,115,83,69,1205,2.49%,2.41%,5.73%
Rutland City,ALYSON KENNEDY and MALCOLM JARRETT,261,165,143,197,135,221,244,260,119,215,116,191,205,238,162,107,171,177,169,82,152,394,429,425,4978,4.90%,4.78%,8.54%
Rutland,BROCK PIERCE and KARLA BALLARD,8,55,71,105,96,19,86,55,49,24,36,98,81,61,31,70,102,16,52,85,27,118,74,82,1501,5.73%,4.06%,5.46%
Ryegate,BROCK PIERCE and KARLA BALLARD,57,16,35,109,76,14,22,46,26,43,69,35,79,36,86,97,79,63,37,6,81,91,98,96,1397,1.57%,2.58%,6.87%
Salisbury,BROCK PIERCE and KARLA BALLARD,49,59,12,106,38,50,94,74,23,37,80,75,15,103,41,83,68,7,48,33,25,106,97,92,1415,6.64%,7.28%,6.50%
Sandgate,DONALD J. TRUMP and MICHAEL R. PENCE,126,118,70,109,45,59,149,85,77,95,100,96,135,104,113,37,52,91,124,55,30,223,218,216,2527,5.90%,4.12%,8.55%
Searsburg,CHRISTOPHER LAFONTAINE and MICHAEL SPEED,75,28,29,50,87,5,50,71,9,39,16,19,62,15,20,67,7,38,15,78,7,97,119,85,1088,4.60%,1.38%,7.81%
Shaftsbury,DON BLANKENSHIP and BILL MOHR,53,72,6,17,2,106,21,1,36,106,14,10,24,83,45,32,72,89,39,42,1,102,85,99,1157,1.82%,7.17%,8.56%
Sharon,PHIL COLLINS and BILLY JOE PARKER,76,52,46,8,18,43,22,1,35,63,91,87,7,4,12,58,41,109,27,52,83,111,104,100,1250,1.76%,0.32%,8.00%
Sheffield,BROCK PIERCE and KARLA BALLARD,60,72,76,107,5,32,76,44,30,49,18,99,25,36,105,39,51,75,68,25,54,81,94,89,1410,5.39%,2.55%,6.31%
Shelburne,ROQUE ROCKY DE LA FUENTE and DARCY G. RICHARDSON,33,4,88,85,31,70,70,18,71,13,20,64,90,16,12,20,0,77,9,106,51,101,84,82,1215,5.76%,1.32%,6.75%
Sheldon,DONALD J. TRUMP and MICHAEL R. PENCE,88,81,13,42,34,13,108,48,7,21,73,30,66,57,28,94,94,41,33,3,50,113,103,73,1313,8.23%,4.34%,5.56%
Shoreham,KANYE WEST and MICHELLE TIDBALL,108,45,21,24,30,62,27,100,22,44,83,20,81,40,109,15,8,2,17,56,36,99,106,111,1266,2.13%,3.16%,8.77%
Shrewsbury,JEROME SEGAL and JOHN DE GRAAF,67,61,5,41,50,11,24,44,11,56,95,109,32,40,23,83,80,46,41,21,100,110,96,95,1341,1.79%,2.98%,7.08%
South Burlington,ROQUE ROCKY DE LA FUENTE and DARCY G. RICHARDSON,40,120,84,45,86,105,88,22,93,127,48,29,72,163,36,123,135,150,125,193,143,178,227,186,2618,3.36%,6.23%,7.10%
South Hero,DONALD J. TRUMP and MICHAEL R. PENCE,81,23,67,74,45,59,109,47,84,14,25,70,74,86,88,102,9,55,28,96,19,81,71,105,1512,7.21%,5.69%,6.94%
Springfield,BRIAN CARROLL and AMAR PATEL,40,14,104,96,9,81,35,19,49,2,19,31,104,19,48,73,9,45,44,41,66,115,99,102,1264,2.77%,1.50%,8.07%
St. Albans City,CHRISTOPHER LAFONTAINE and MICHAEL SPEED,38,50,9,23,86,24,3,35,7,6,2,11,48,41,86,7,51,55,82,78,2,118,85,88,1035,0.29%,3.96%,8.50%
St. Albans Town,JOSEPH R. BIDEN and KAMALA D. HARRIS,121,193,252,188,158,271,222,217,173,228,259,167,208,295,141,235,292,263,166,106,208,462,376,389,5590,3.97%,5.28%,6.96%
St. George,DON BLANKENSHIP and BILL MOHR,21,46,16,18,28,109,31,38,14,102,77,98,27,51,93,7,90,60,10,53,2,105,87,124,1307,2.37%,3.90%,9.49%
St. Johnsbury,JOSEPH R. BIDEN and KAMALA D. HARRIS,113,72,88,106,121,34,51,125,87,156,40,69,152,178,95,117,103,75,69,65,124,181,185,210,2616,1.95%,6.80%,8.03%
Stamford,JO JORGENSEN and JEREMY SPIKE COHEN,34,2,26,53,18,23,98,23,75,8,13,48,100,42,29,6,67,75,41,73,93,89,94,114,1244,7.88%,3.38%,9.16%
Stannard,GLORIA LARIVA and SUNIL FREEMAN,94,65,6,28,91,18,80,56,108,30,39,17,6,66,87,61,103,30,50,80,74,103,91,105,1488,5.38%,4.44%,7.06%
Starksboro,BROCK PIERCE and KARLA BALLARD,79,54,49,100,70,75,93,17,33,54,77,31,26,28,13,44,56,35,22,24,89,77,116,76,1338,6.95%,2.09%,5.68%
Stockbridge,ROQUE ROCKY DE LA FUENTE and DARCY G. RICHARDSON,57,2,70,23,83,54,53,67,100,39,54,65,70,39,77,81,89,103,29,106,32,75,99,91,1558,3.40%,2.50%,5.84%
Stowe,BROCK PIERCE and KARLA BALLARD,19,83,10,106,20,42,28,38,6,73,10,59,32,28,102,57,53,86,51,36,73,96,99,83,1290,2.17%,2.17%,6.43%
Strafford,RICHARD DUNCAN and MITCH BUPP,31,6,34,38,2,41,54,27,40,27,71,62,79,10,34,24,40,39,104,16,24,80,100,105,1088,4.96%,0.92%,9.65%
Stratton,GARY SWING and DAVID OLSZTA,32,11,71,66,82,22,77,109,53,49,7,39,80,1,7,104,59,101,56,37,80,105,72,116,1436,5.36%,0.07%,8.08%
Sudbury,ALYSON KENNEDY and MALCOLM JARRETT,105,48,24,79,1,76,21,3,12,68,9,44,38,56,35,84,79,69,11,55,7,101,88,94,1207,1.74%,4.64%,7.79%
Sunderland,ALYSON KENNEDY and MALCOLM JARRETT,206,64,138,124,93,161,85,149,126,123,92,168,33,80,141,124,56,23,73,122,150,183,206,193,2913,2.92%,2.75%,6.63%
Sutton,KYLE KENLEY KOPITKE and TAJA YVONNE IWANOW,10,79,24,42,10,30,77,46,54,65,55,43,4,94,14,61,103,61,50,83,29,142,73,97,1346,5.72%,6.98%,7.21%
Swanton,H. BROOKE PAIGE and THOMAS JAMES WITMAN,69,15,46,11,84,29,12,2,97,105,15,97,30,10,42,25,11,62,105,1,72,87,86,93,1206,1.00%,0.83%,7.71%
Thetford,BLAKE HUBER and FRANK ATWOOD,27,109,48,84,77,23,30,33,80,37,79,30,89,77,98,48,73,89,9,73,34,93,103,106,1549,1.94%,4.97%,6.84%
Tinmouth,HOWIE HAWKINS and ANGELA WALKER,45,38,178,86,69,137,60,96,153,65,190,52,114,10,109,93,112,141,77,104,66,150,195,178,2518,2.38%,0.40%,7.07%
Topsham,JEROME SEGAL and JOHN DE GRAAF,76,79,14,3,26,78,20,69,1,44,67,88,35,65,85,64,20,76,21,76,47,102,109,68,1333,1.50%,4.88%,5.10%
Townshend,KEITH MCCORMIC and SAM BLASIAK,36,42,15,42,80,52,45,47,30,7,52,85,84,7,43,92,84,54,74,51,55,93,106,83,1359,3.31%,0.52%,6.11%
Troy,ROQUE ROCKY DE LA FUENTE and DARCY G. RICHARDSON,147,96,49,137,168,68,173,95,117,176,171,32,87,108,94,66,106,177,70,190,98,150,179,215,2969,5.83%,3.64%,7.24%
Tunbridge,PHIL COLLINS and BILLY JOE PARKER,27,4,53,0,71,76,87,80,6,71,30,6,78,12,69,29,81,98,27,53,53,111,112,95,1329,6.55%,0.90%,7.15%
Underhill,BRIAN CARROLL and AMAR PATEL,25,19,95,71,38,8,32,89,92,66,60,5,20,85,15,38,18,23,18,33,25,88,95,86,1144,2.80%,7.43%,7.52%
Vergennes,ZACHARY SCALF and MATTHEW LYDA,6,14,2,83,65,28,66,5,8,36,31,87,38,54,89,91,2,39,82,2,108,92,92,85,1205,5.48%,4.48%,7.05%
Vernon,GARY SWING and DAVID OLSZTA,37,47,77,12,7,33,3,95,80,25,13,58,56,36,16,11,6,63,78,83,64,123,88,105,1216,0.25%,2.96%,8.63%
Vershire,PHIL COLLINS and BILLY JOE PARKER,72,41,3,49,50,58,94,86,89,80,83,10,107,42,61,95,81,108,87,29,50,108,88,124,1695,5.55%,2.48%,7.32%
Victory,PHIL COLLINS and BILLY JOE PARKER,25,68,69,5,43,58,60,58,17,5,87,88,6,68,71,41,62,95,11,24,53,91,97,94,1296,4.63%,5.25%,7.25%
Waitsfield,GARY SWING and DAVID OLSZTA,57,64,2,104,1,4,31,109,43,47,19,24,3,54,43,72,79,32,74,83,14,100,90,87,1236,2.51%,4.37%,7.04%
Walden,H. BROOKE PAIGE and THOMAS JAMES WITMAN,74,24,60,75,42,55,47,68,65,109,78,85,65,79,60,70,40,59,79,67,61,105,106,95,1668,2.82%,4.74%,5.70%
Wallingford,RICHARD DUNCAN and MITCH BUPP,97,6,29,5,74,8,78,0,66,37,47,2,64,47,64,48,66,63,103,63,14,75,72,82,1210,6.45%,3.88%,6.78%
Waltham,ZACHARY SCALF and MATTHEW LYDA,31,62,66,68,27,40,36,71,18,51,77,60,83,75,42,71,9,58,73,61,97,92,114,86,1468,2.45%,5.11%,5.86%
Wardsboro,JO JORGENSEN and JEREMY SPIKE COHEN,8,70,73,3,28,2,24,47,4,7,39,78,109,77,34,62,103,74,55,34,37,89,102,75,1234,1.94%,6.24%,6.08%
Warren,KYLE KENLEY KOPITKE and TAJA YVONNE IWANOW,90,62,61,36,7,77,85,27,87,49,77,82,68,85,68,42,106,52,44,29,102,97,87,107,1627,5.22%,5.22%,6.58%
Washington,KANYE WEST and MICHELLE TIDBALL,2,31,21,63,98,74,33,45,17,25,83,7,98,26,101,89,27,86,68,61,101,106,91,84,1437,2.30%,1.81%,5.85%
Waterbury,PHIL COLLINS and BILLY JOE PARKER,91,46,33,86,4,64,102,33,78,34,19,26,31,72,14,31,9,106,20,48,35,102,64,105,1253,8.14%,5.75%,8.38%
Waterford,GLORIA LARIVA and SUNIL FREEMAN,22,18,63,10,55,46,82,45,92,56,28,2,11,46,1,67,26,7,3,89,63,96,82,83,1093,7.50%,4.21%,7.59%
Waterville,H. BROOKE PAIGE and THOMAS JAMES WITMAN,79,90,29,41,93,68,67,88,19,106,40,87,27,16,97,99,62,15,52,70,45,109,78,102,1579,4.24%,1.01%,6.46%
Weathersfield,KANYE WEST and MICHELLE TIDBALL,57,69,58,32,54,13,43,80,39,67,54,47,72,65,98,50,75,80,80,44,20,90,97,84,1468,2.93%,4.43%,5.72%
Wells,KYLE KENLEY KOPITKE and TAJA YVONNE IWANOW,16,49,44,36,4,55,26,20,30,69,6,68,8,38,3,79,96,74,31,42,40,118,90,85,1127,2.31%,3.37%,7.54%
West Fairlee,CHRISTOPHER LAFONTAINE and MICHAEL SPEED,5,48,47,8,85,32,5,63,3,25,19,6,18,36,47,31,65,72,80,27,27,104,111,97,1061,0.47%,3.39%,9.14%
West Haven,DONALD J. TRUMP and MICHAEL R. PENCE,63,14,85,23,2,65,95,32,67,62,2,59,39,75,92,60,87,23,56,27,1,96,102,94,1321,7.19%,5.68%,7.12%
West Rutland,KYLE KENLEY KOPITKE and TAJA YVONNE IWANOW,31,38,53,41,36,94,74,79,49,50,21,72,79,63,81,52,108,18,15,94,63,79,94,84,1468,5.04%,4.29%,5.72%
West Windsor,RICHARD DUNCAN and MITCH BUPP,26,78,70,37,24,75,15,64,37,77,24,51,9,47,57,66,31,22,82,74,74,116,96,107,1359,1.10%,3.46%,7.87%
Westfield,ALYSON KENNEDY and MALCOLM JARRETT,108,1,40,46,45,76,67,66,34,107,60,31,49,16,68,78,54,53,63,61,10,128,73,97,1431,4.68%,1.12%,6.78%
Westford,ZACHARY SCALF and MATTHEW LYDA,40,5,5,5,21,49,69,50,79,56,78,71,56,65,80,52,76,38,4,70,95,111,98,90,1363,5.06%,4.77%,6.60%
Westminster,CHRISTOPHER LAFONTAINE and MICHAEL SPEED,88,125,127,106,174,58,159,9,108,105,49,53,109,131,141,65,97,143,160,36,74,183,192,184,2676,5.94%,4.90%,6.88%
Westmore,BLAKE HUBER and FRANK ATWOOD,16,90,76,52,24,22,69,52,84,8,31,8,81,47,55,36,71,85,27,32,23,83,84,87,1243,5.55%,3.78%,7.00%
Weston,HOWIE HAWKINS and ANGELA WALKER,27,11,8,50,63,77,6,13,62,65,109,28,60,15,28,85,61,86,11,45,5,100,93,93,1201,0.50%,1.25%,7.74%
Weybridge,BLAKE HUBER and FRANK ATWOOD,14,109,15,91,20,76,69,89,62,54,75,39,79,76,51,28,16,65,39,88,18,101,94,99,1467,4.70%,5.18%,6.75%
Wheelock,PHIL COLLINS and BILLY JOE PARKER,26,80,91,96,84,93,9,80,103,25,84,88,38,53,36,10,56,107,53,15,62,98,86,99,1572,0.57%,3.37%,6.30%
Whiting,PHIL COLLINS and BILLY JOE PARKER,85,97,34,91,43,93,36,94,87,25,13,98,26,23,35,24,9,106,8,104,20,109,105,91,1456,2.47%,1.58%,6.25%
Whitingham,ALYSON KENNEDY and MALCOLM JARRETT,165,54,100,123,28,148,23,80,129,91,41,119,90,91,103,115,35,39,100,127,64,211,177,208,2461,0.93%,3.70%,8.45%
Williamstown,PHIL COLLINS and BILLY JOE PARKER,46,36,11,79,14,15,6,81,77,51,80,89,51,48,18,67,42,101,21,21,49,113,98,128,1342,0.45%,3.58%,9.54%
Williston,GARY SWING and DAVID OLSZTA,54,45,3,46,15,34,2,106,12,93,29,1,23,85,45,29,60,48,20,12,53,97,119,117,1148,0.17%,7.40%,10.19%
Wilmington,KEITH MCCORMIC and SAM BLASIAK,67,48,1,57,71,50,13,58,34,84,30,19,45,47,5,105,8,63,7,35,47,118,85,109,1206,1.08%,3.90%,9.04%
Windham,KYLE KENLEY KOPITKE and TAJA YVONNE IWANOW,79,28,77,76,29,38,83,34,14,7,57,7,72,72,73,32,98,10,73,20,63,91,95,101,1329,6.25%,5.42%,7.60%
Windsor,BROCK PIERCE and KARLA BALLARD,54,24,64,85,3,32,80,51,41,24,65,1,27,60,83,58,37,32,80,64,35,101,94,94,1289,6.21%,4.65%,7.29%
Winhall,DONALD J. TRUMP and MICHAEL R. PENCE,18,25,37,24,96,35,97,50,11,39,88,22,79,21,48,79,31,27,39,64,75,109,95,84,1293,7.50%,1.62%,6.50%
Winooski,CHRISTOPHER LAFONTAINE and MICHAEL SPEED,51,29,55,16,95,78,68,31,50,80,48,86,79,25,82,25,25,3,58,54,66,71,107,72,1354,5.02%,1.85%,5.32%
Wolcott,JOSEPH R. BIDEN and KAMALA D. HARRIS,63,40,76,86,22,10,52,7,88,54,18,97,30,100,89,87,48,17,9,27,49,95,101,78,1343,3.87%,7.45%,5.81%
Woodbury,KANYE WEST and MICHELLE TIDBALL,16,70,33,28,51,40,72,8,32,54,30,23,50,81,94,89,40,86,40,4,63,89,88,83,1264,5.70%,6.41%,6.57%
Woodford,KANYE WEST and MICHELLE TIDBALL,10,57,7,77,30,77,48,3,37,82,40,1,53,88,107,58,21,24,21,75,17,74,102,119,1228,3.91%,7.17%,9.69%
Woodstock,ROQUE ROCKY DE LA FUENTE and DARCY G. RICHARDSON,85,13,0,74,33,1,48,79,66,10,30,67,0,65,31,1,32,3,12,100,86,106,90,101,1133,4.24%,5.74%,8.91%
Worcester,GLORIA LARIVA and SUNIL FREEMAN,77,17,0,15,34,80,40,2,99,77,3,2,86,49,46,65,18,89,73,4,25,72,107,99,1179,3.39%,4.16%,8.40%
